4.0000000  4.000000
0.6591548  3.371853
-0.1853237  3.816804
-1.5775653  2.603028
-0.7602569  3.157255
-1.1205751  2.878673
-0.6474058  3.171914
  [8,]  1.0178941  3.751806
  [9,]  2.1306217  4.292976
 [10,]  1.1245498  6.344280
 [11,]  1.8267500  6.590292
 [12,]  2.4003160  6.370534
 [13,]  4.1323122  5.842530
 [14,]  4.2498815  5.384188
 [15,]  5.2626472  4.228850
 [16,]  4.8680353  4.260622
 [17,]  4.7185658  4.573300
 [18,]  4.1599801  4.986083
 [19,]  2.7891631  6.842871
 [20,]  4.4825557  6.368770
 [21,]  5.0111042  6.065148
 [22,]  4.9513362  3.509879
 [23,]  5.3750097  4.300254
 [24,]  5.6820925  5.974850
 [25,]  6.0732481  5.029587
 [26,]  7.8510480  3.918263
 [27,]  8.2643866  4.017533
 [28,]  9.0189950  4.202304
 [29,]  7.4829841  2.347473
 [30,]  8.4359788  2.154259
 [31,]  9.7305027  3.513154
 [32,]  7.3476021  2.883343
 [33,]  9.2054467  3.682119
 [34,]  8.2419435  4.921031
 [35,]  8.1697661  5.976633
 [36,]  8.0597620  5.115422
 [37,]  7.5559436  5.078780
 [38,]  7.5531001  5.094473
 [39,]  6.4896420  5.353194
 [40,]  7.5169776  4.712618
 [41,]  8.3424687  3.139733
 [42,]  8.5776418  2.457962
 [43,]  8.2044728  1.705126
 [44,]  8.4841245  3.691605
 [45,]  8.8820858  5.005160
 [46,]  7.1080710  5.530935
 [47,]  6.9490592  5.445020
 [48,]  8.0871488  6.156348
 [49,] 10.1470707  7.590487
 [50,]  9.8785166  7.100491
 [51,] 10.2566277  7.690799
 [52,]  9.1408158  7.136344
 [53,]  9.7906314  8.174086
 [54,]  9.2394261  6.306338
 [55,]  9.0272334  5.956149
 [56,]  9.5411758  5.711577
 [57,]  9.6961064  5.551417
 [58,] 11.6143549  5.288163
 [59,] 12.3927376  6.636366
 [60,] 13.8819063  6.572998
 [61,] 13.9656698  7.249947
 [62,] 15.7648223  6.961084
 [63,] 15.1597105  8.288416
 [64,] 15.5680140  7.994793
 [65,] 16.2179369  8.112025
 [66,] 17.4467367 10.127266
 [67,] 18.7702518  9.244143
 [68,] 17.8181025  9.917729
 [69,] 18.4685754  8.972238
 [70,] 20.2131227  8.921601
 [71,] 18.1133692  9.589238
 [72,] 18.0666342 11.070302
 [73,] 18.7107777 11.038153
 [74,] 19.2159770 13.544317
 [75,] 18.0466219 13.762610
 [76,] 17.5844819 13.511743
 [77,] 18.8403013 11.823226
 [78,] 19.8321463 11.410200
 [79,] 20.5494324 10.187099
 [80,] 21.8489389 10.840204
 [81,] 22.5362342 12.490312
 [82,] 22.7596356 11.594970
 [83,] 23.2447355 10.923745
 [84,] 21.3340068 10.974165
 [85,] 21.7844955 10.178939
 [86,] 20.0138136  9.938496
 [87,] 19.2418615  9.929816
 [88,] 19.3524587 11.167702
 [89,] 18.2879452 11.257461
 [90,] 17.2557250 10.690753
 [91,] 17.1958591 10.212663
 [92,] 16.0269184 10.375737
 [93,] 17.0576322 11.342069
 [94,] 16.3056943 10.725761
 [95,] 15.6181996 10.442497
 [96,] 15.4961311 10.743646
 [97,] 15.2570536 10.002512
 [98,] 15.0724961 11.845660
 [99,] 12.2597542 11.388154
[100,] 12.3794298 12.122463
[101,] 13.7770938 13.440587
[102,] 13.0545854 14.425548
[103,] 14.8392359 13.448373
[104,] 13.7719657 13.690965
[105,] 13.2102805 13.482733
[106,] 13.4735927 12.987090
[107,] 11.7928876 14.731781
[108,] 11.9944834 15.533968
[109,] 10.1619696 16.149371
[110,] 10.6909111 16.144785
[111,]  9.5530055 14.080034
[112,]  9.6818803 13.541129
[113,] 11.5411971 13.702819
[114,] 11.2290252 11.810581
[115,] 10.7683155 11.830245
[116,] 10.6148470 12.901567
[117,] 11.1565078 12.161639
[118,] 11.7718357 13.106600
[119,] 13.4312551 12.093388
[120,] 15.2470910 14.252207
[121,] 15.9714180 13.329925
[122,] 15.8741293 13.078260
[123,] 16.6206152 13.431476
[124,] 18.1410434 12.850702
[125,] 17.4029064 11.818193
[126,] 16.8975527 11.026443
[127,] 16.1347324  9.816944
[128,] 15.8256599 10.310993
[129,] 16.5177159  9.901754
[130,] 16.7648421 10.797683
[131,] 16.4904029  9.672527
[132,] 16.3674952 10.733198
[133,] 16.5466033 10.943021
[134,] 17.0551382 11.734729
[135,] 18.9679494 11.880460
[136,] 18.5047067 11.964106
[137,] 20.0738136 11.596062
[138,] 19.1955619 12.299803
[139,] 18.4791126 12.172464
[140,] 17.3715517 13.195145
[141,] 16.7406248 14.555604
[142,] 17.5943940 14.496162
[143,] 17.6359760 12.408812
[144,] 15.1087916 12.705807
[145,] 14.8996538 12.684360
[146,] 15.6809017 12.807663
[147,] 15.8902562 12.544360
[148,] 15.8308863 13.816121
[149,] 16.3209401 14.240321
[150,] 15.9211433 13.481021
[151,] 14.2981204 13.564987
[152,] 13.2863524 14.535260
[153,] 12.7800493 15.292032
[154,] 12.9784577 15.425220
[155,] 14.1329482 15.209967
[156,] 13.5435051 15.300824
[157,] 14.5354570 14.543442
[158,] 12.8719028 16.378367
[159,] 13.3524633 16.569823
[160,] 12.3097158 16.347498
[161,] 11.6440778 14.338993
[162,] 10.3621508 14.581257
[163,] 10.5279968 14.261530
[164,]  9.8259816 13.843756
[165,] 10.5477205 13.079885
[166,] 11.0580077 12.298823
[167,] 10.2007587 12.528045
[168,] 10.6895529 13.824841
[169,] 11.4722754 12.213352
[170,] 11.4477961 11.645118
[171,] 11.6538483 10.612602
[172,] 11.9495397 11.515564
[173,] 10.4680657 12.636325
[174,] 11.0360262 12.573641
[175,] 10.8425698 12.919345
[176,] 10.3553132 12.120216
[177,] 10.4232270 11.285790
[178,] 10.4356045 13.154879
[179,] 10.4227981 11.763953
[180,]  9.6312516 11.605717
[181,]  9.1895693 10.347736
[182,]  8.8606391  9.555429
[183,]  8.5256601  9.643921
[184,]  8.8199931  9.917239
[185,]  8.9010106 10.860385
[186,]  9.2154248 11.207441
[187,] 10.0374436  9.508148
[188,] 10.0148434 11.880328
[189,]  9.3929699 12.665262
[190,]  8.6944046 12.161553
[191,]  9.1715903 10.466812
[192,]  8.8288852 10.193343
[193,]  9.9903845 10.826654
[194,]  7.7065048 11.724115
[195,]  7.6202222 11.472816
[196,]  8.4573504 10.524718
[197,]  6.6247858 10.642731
[198,]  6.5778416 10.213958
[199,]  7.1391571 11.272007
[200,]  6.9162415 11.408435
[201,]  7.0048311 10.558553
[202,]  5.0663358 11.656105
[203,]  5.1203767 11.754547
[204,]  5.2388788 13.036135
[205,]  4.8131507 13.009970
[206,]  4.8754256 13.019260
[207,]  5.0171126 13.206574
[208,]  5.0141083 13.037923
[209,]  4.8301891 13.879713
[210,]  6.5201169 15.262202
[211,]  4.4557533 14.738841
[212,]  2.8952236 15.618221
[213,]  1.5761714 14.671963
[214,]  1.6836410 16.688308
[215,]  4.0362332 15.814536
[216,]  3.8085433 17.716160
[217,]  3.6203890 17.391382
[218,]  4.0774955 18.360996
[219,]  3.8594992 17.381050
[220,]  5.4700065 17.338007
[221,]  5.2220865 16.431422
[222,]  4.5933638 15.622062
[223,]  4.6519627 15.177516
[224,]  3.8824722 13.392268
[225,]  5.1250477 12.147468
[226,]  5.5811253 11.473211
[227,]  6.4422606 12.767873
[228,]  6.2269487 11.366963
[229,]  6.0003822 10.597288
[230,]  5.7931869  9.746667
[231,]  6.0404937 11.768113
[232,]  8.2118505 10.218190
[233,]  7.8959268  8.990609
[234,]  8.1532054  8.383172
[235,]  7.9260090  8.714428
[236,]  8.1770132  8.675501
[237,]  8.9716585  9.151656
[238,]  8.9892250  7.771368
[239,] 11.4028345  6.712844
[240,] 12.2249309  5.940739
[241,] 12.2245574  5.482574
[242,] 12.6763888  7.250350
[243,] 12.6788315  6.089649
[244,] 12.4998855  7.047427
[245,] 12.9952691  7.810214
[246,] 12.3971300  8.406941
[247,] 11.7772080  6.925223
[248,] 12.2550210  7.951153
[249,] 13.2505659  8.318376
[250,] 12.5383296  8.588480
[251,] 12.8403946 10.145798
[252,] 13.6620380 11.393082
[253,] 14.5038583 12.231084
[254,] 15.3188076 12.377847
[255,] 16.6591320 11.060456
[256,] 15.9252628 11.558752
[257,] 12.9635548 10.199854
[258,] 11.9115014 10.704364
[259,] 13.0466393 11.131564
[260,] 13.1977458 12.473682
[261,] 13.7288800 13.553459
[262,] 13.6849760 13.296399
[263,] 14.5828152 13.226156
[264,] 14.5373310 13.797496
[265,] 13.1913419 15.576791
[266,] 12.6282709 16.515987
[267,] 11.7670465 16.059198
[268,] 10.1708522 13.631568
[269,] 10.7731116 14.246121
[270,] 11.9987993 12.569309
[271,] 12.4658249 12.997371
[272,] 12.1355561 11.908955
[273,] 11.9489432 11.820681
[274,] 12.9269784 12.742400
[275,] 10.7384706 12.266196
[276,] 10.6973490 14.617953
[277,]  9.7146836 14.620275
[278,]  9.6979521 15.559394
[279,] 10.7669550 14.679811
[280,] 10.7685844 13.909344
[281,] 11.6380447 14.528067
[282,] 11.1997887 14.676619
[283,] 12.1952741 16.862243
[284,] 12.5321378 17.785418
[285,] 14.7067448 17.644938
[286,] 14.5952844 17.564874
[287,] 15.6995326 18.792011
[288,] 14.8169722 19.402274
[289,] 15.1904925 18.879260
[290,] 15.8192424 18.713398
[291,] 14.6831104 17.859099
[292,] 14.0676219 18.094675
[293,] 15.1255193 18.432974
[294,] 15.0355831 15.981710
[295,] 14.3335496 19.006548
[296,] 13.3368600 18.543780
[297,] 13.7646691 19.047352
[298,] 14.3503691 17.899584
[299,] 13.8335164 18.001443
[300,] 12.1895293 18.095460
[301,] 11.6065916 18.562212
[302,] 12.3161549 19.054614
[303,] 12.8964862 17.655676
[304,] 13.4843644 16.255843
[305,] 14.3866983 15.777208
[306,] 14.9103938 15.379633
[307,] 15.6491951 14.679091
[308,] 16.1292902 17.410435
[309,] 16.7644780 18.045054
[310,] 16.8298362 17.985317
[311,] 16.3530432 18.235466
[312,] 16.1384909 18.421340
[313,] 17.3907145 18.674997
[314,] 17.4533908 18.712678
[315,] 19.3309447 19.406255
[316,] 21.0023063 20.889150
[317,] 20.7862715 21.096570
[318,] 20.5032865 21.463389
[319,] 20.8373174 20.419616
[320,] 20.8872800 20.120889
[321,] 21.9275114 19.697143
[322,] 20.5131949 21.043742
[323,] 19.7316198 20.356647
[324,] 21.1384666 20.480824
[325,] 21.7841427 21.436732
[326,] 22.0133265 23.216135
[327,] 21.0685764 24.927156
[328,] 22.3510610 22.763905
[329,] 23.2508370 22.429953
[330,] 24.6298497 22.525168
[331,] 25.0081091 22.463574
[332,] 24.9276398 23.061199
[333,] 23.3602983 21.810662
[334,] 23.7117690 23.051917
[335,] 23.9516633 22.311057
[336,] 24.9330803 21.098218
[337,] 26.1967865 21.171621
[338,] 25.7628793 20.239194
[339,] 26.5928751 19.726024
[340,] 26.3832998 21.441290
[341,] 27.0654721 21.557321
[342,] 26.0791173 23.414468
[343,] 26.0255012 23.844292
[344,] 27.5852589 24.444049
[345,] 24.0938410 24.531142
[346,] 23.2344648 26.266130
[347,] 23.4536370 25.828180
[348,] 23.3543636 25.730965
[349,] 22.6914429 23.819157
[350,] 23.3552564 23.048296
[351,] 24.0544500 22.218789
[352,] 24.2618377 23.002538
[353,] 25.2590841 23.120968
[354,] 25.7090533 23.286889
[355,] 27.7279608 23.427682
[356,] 27.5576444 24.029683
[357,] 28.6625405 23.811748
[358,] 30.0798043 22.875217
[359,] 32.1307108 23.921609
[360,] 33.3926398 24.889396
[361,] 33.7019104 26.177071
[362,] 35.3961971 26.277999
[363,] 35.7188660 25.240902
[364,] 35.9047540 23.501361
[365,] 36.3007396 22.769432
[366,] 37.1142218 22.438885